0 0 0 -1.3652181687644145
0 1 0 -1.1986038592265937
0 2 0 -1.0347298398179832
0 3 0 -0.8880629336633231
0 4 0 -0.8000000000000004
0 5 0 -0.8000000000000004
0 6 0 -0.8880629336633231
0 7 0 -1.0347298398179834
0 8 0 -1.1986038592265937
0 9 0 -1.3652181687644147
0 10 0 -1.5319835807930136
0 11 0 -1.6989997861826298
0 12 0 -1.866426400384644
0 13 0 -2.034438556575934
0 14 0 -2.2032142506580255
0 15 0 -2.3729237004384394
0 16 0 -2.543721216707767
0 17 0 -2.7157396097396767
0 18 0 -2.8890868921020094
0 19 0 -3.063844913609057
0 20 0 -3.2400695254921867
0 21 0 -3.4177918834336336
0 22 0 -3.5970205396049755
0 23 0 -3.777744027048411
0 24 0 -3.9599336960805696
0 25 0 -4.143546616213457
0 26 0 -4.328528405308175
0 27 0 -4.514815888939033
0 28 0 -4.702339526955551
0 29 0 -4.89102557133456
0 30 0 -5.080797940310246
0 31 0 -5.271579809311939
0 32 0 -5.463294930324049
0 33 0 -5.655868698777781
0 34 0 -5.849228991797092
0 35 0 -6.04330680428872
0 36 0 -6.238036710664164
0 37 0 -6.433357180548096
0 38 0 -6.629210777293765
0 39 0 -6.825544269152931
1 0 0 -1.198603859226594
1 1 0 -1.0316405021631334
1 2 0 -0.865148092206344
1 3 0 -0.7076324744773946
1 4 0 -0.6000000000000002
1 5 0 -0.6000000000000002
1 6 0 -0.7076324744773947
1 7 0 -0.865148092206344
1 8 0 -1.0316405021631336
1 9 0 -1.198603859226594
1 10 0 -1.366252010616818
1 11 0 -1.534893410254983
1 12 0 -1.704798918332428
1 13 0 -1.8761876005410472
1 14 0 -2.0492221475138273
1 15 0 -2.2240103013867727
1 16 0 -2.400609778452704
1 17 0 -2.5790349783138398
1 18 0 -2.75926434715116
1 19 0 -2.9412476736303312
1 20 0 -3.124912884302057
1 21 0 -3.3101721040376924
1 22 0 -3.496926880712511
1 23 0 -3.6850725603693055
1 24 0 -3.8745018530627107
1 25 0 -4.065107660504263
1 26 0 -4.256785251802199
1 27 0 -4.449433878299471
1 28 0 -4.642957916535188
1 29 0 -4.837267622353515
1 30 0 -5.03227957100881
1 31 0 -5.227916849023125
1 32 0 -5.424109054374491
1 33 0 -5.62079215286728
1 34 0 -5.8179082305951955
1 35 0 -6.0154051754644655
1 36 0 -6.213236314947808
1 37 0 -6.4113600327246445
1 38 0 -6.609739383799818
1 39 0 -6.808341726327278
2 0 0 -1.0347298398179834
2 1 0 -0.8651480922063441
2 2 0 -0.6974939708503725
2 3 0 -0.5315508021390377
2 4 0 -0.40000000000000013
2 5 0 -0.40000000000000013
2 6 0 -0.5315508021390377
2 7 0 -0.6974939708503725
2 8 0 -0.8651480922063441
2 9 0 -1.0347298398179836
2 10 0 -1.2066075439276605
2 11 0 -1.3809518733257857
2 12 0 -1.5577955360360751
2 13 0 -1.7370778049235889
2 14 0 -1.9186774128590787
2 15 0 -2.1024365747709663
2 16 0 -2.2881782757278186
2 17 0 -2.4757184796500815
2 18 0 -2.6648745341881233
2 19 0 -2.8554707513850572
2 20 0 -3.0473419132644954
2 21 0 -3.2403352724312633
2 22 0 -3.4343114790659066
2 23 0 -3.6291447585797223
2 24 0 -3.8247225817730595
2 25 0 -4.020945006168554
2 26 0 -4.217723818996676
2 27 0 -4.4149815757360455
2 28 0 -4.612650600524279
2 29 0 -4.81067199409912
2 30 0 -5.008994679599737
2 31 0 -5.207574505307762
2 32 0 -5.406373415274148
2 33 0 -5.605358693025296
2 34 0 -5.804502279618636
2 35 0 -6.003780164826649
2 36 0 -6.203171848907444
2 37 0 -6.402659872134602
2 38 0 -6.602229410001529
2 39 0 -6.801867933914466
3 0 0 -0.8880629336633232
3 1 0 -0.7076324744773947
3 2 0 -0.5315508021390377
3 3 0 -0.3607843137254903
3 4 0 -0.20000000000000007
3 5 0 -0.20000000000000007
3 6 0 -0.3607843137254903
3 7 0 -0.5315508021390377
3 8 0 -0.7076324744773947
3 9 0 -0.8880629336633232
3 10 0 -1.0720514911790826
3 11 0 -1.2589512200556132
3 12 0 -1.4482328164091383
3 13 0 -1.6394632134256588
3 14 0 -1.8322880837119029
3 15 0 -2.0264175230370123
3 16 0 -2.221614337030284
3 17 0 -2.417684457570233
3 18 0 -2.6144691016483734
3 19 0 -2.8118383558941256
3 20 0 -3.0096859275497447
3 21 0 -3.207924849813448
3 22 0 -3.4064839680292547
3 23 0 -3.6053050647514486
3 24 0 -3.8043405075246977
3 25 0 -4.003551324340845
3 26 0 -4.202905629013503
3 27 0 -4.402377332850393
3 28 0 -4.6019450905725146
3 29 0 -4.801591437897316
3 30 0 -5.001302085954544
3 31 0 -5.201065344055641
3 32 0 -5.40087164755446
3 33 0 -5.6007131718425125
3 34 0 -5.80058351711257
3 35 0 -6.000477451582785
3 36 0 -6.2003907035830945
3 37 0 -6.400319795468609
3 38 0 -6.600261914982183
3 39 0 -6.8002148227446915
4 0 0 -0.8000000000000004
4 1 0 -0.6000000000000003
4 2 0 -0.4000000000000002
4 3 0 -0.20000000000000007
4 4 0 0.0
4 5 0 0.0
4 6 0 -0.2
4 7 0 -0.4000000000000001
4 8 0 -0.6000000000000001
4 9 0 -0.8
4 10 0 -1.0000000000000002
4 11 0 -1.2000000000000002
4 12 0 -1.4000000000000004
4 13 0 -1.6000000000000005
4 14 0 -1.8000000000000007
4 15 0 -2.000000000000001
4 16 0 -2.200000000000001
4 17 0 -2.4000000000000012
4 18 0 -2.6000000000000014
4 19 0 -2.8000000000000025
4 20 0 -3.000000000000006
4 21 0 -3.20000000000002
4 22 0 -3.4000000000000705
4 23 0 -3.6000000000002403
4 24 0 -3.8000000000007943
4 25 0 -4.000000000002526
4 26 0 -4.200000000007713
4 27 0 -4.400000000022625
4 28 0 -4.600000000063851
4 29 0 -4.800000000173693
4 30 0 -5.000000000456261
4 31 0 -5.200000001159279
4 32 0 -5.400000002853499
4 33 0 -5.600000006814047
4 34 0 -5.800000015806857
4 35 0 -6.00000003566428
4 36 0 -6.20000007835487
4 37 0 -6.400000167805702
4 38 0 -6.60000035066217
4 39 0 -6.800000715679257
5 0 0 -0.8000000000000003
5 1 0 -0.6000000000000002
5 2 0 -0.40000000000000013
5 3 0 -0.20000000000000004
5 4 0 0.0
5 5 0 0.0
5 6 0 -0.2
5 7 0 -0.4000000000000001
5 8 0 -0.6000000000000001
5 9 0 -0.8
5 10 0 -1.0000000000000002
5 11 0 -1.2000000000000006
5 12 0 -1.4000000000000008
5 13 0 -1.600000000000001
5 14 0 -1.8000000000000012
5 15 0 -2.0000000000000013
5 16 0 -2.200000000000002
5 17 0 -2.400000000000002
5 18 0 -2.6000000000000023
5 19 0 -2.8000000000000034
5 20 0 -3.0000000000000058
5 21 0 -3.200000000000016
5 22 0 -3.4000000000000536
5 23 0 -3.6000000000001817
5 24 0 -3.800000000000603
5 25 0 -4.0000000000019265
5 26 0 -4.200000000005908
5 27 0 -4.400000000017404
5 28 0 -4.600000000049329
5 29 0 -4.800000000134764
5 30 0 -5.0000000003555085
5 31 0 -5.200000000907098
5 32 0 -5.400000002242126
5 33 0 -5.600000005376366
5 34 0 -5.80000001252323
5 35 0 -6.000000028371168
5 36 0 -6.2000000625847616
5 37 0 -6.400000134571863
5 38 0 -6.600000282336897
5 39 0 -6.800000578515051
6 0 0 -0.8880629336633229
6 1 0 -0.7076324744773945
6 2 0 -0.5315508021390376
6 3 0 -0.3607843137254902
6 4 0 -0.2
6 5 0 -0.2
6 6 0 -0.36078431372549025
6 7 0 -0.5315508021390376
6 8 0 -0.7076324744773945
6 9 0 -0.8880629336633228
6 10 0 -1.0720514911790824
6 11 0 -1.2589512200556134
6 12 0 -1.448232816409139
6 13 0 -1.6394632134256595
6 14 0 -1.8322880837119038
6 15 0 -2.026417523037013
6 16 0 -2.2216143370302843
6 17 0 -2.4176844575702336
6 18 0 -2.614469101648374
6 19 0 -2.811838355894125
6 20 0 -3.0096859275497416
6 21 0 -3.207924849813434
6 22 0 -3.406483968029204
6 23 0 -3.6053050647512714
6 24 0 -3.8043405075241132
6 25 0 -4.003551324339005
6 26 0 -4.2029056290079625
6 27 0 -4.402377332834378
6 28 0 -4.601945090528
6 29 0 -4.8015914377780735
6 30 0 -5.0013020856461505
6 31 0 -5.201065343284286
6 32 0 -5.4008716456857115
6 33 0 -5.60071316745098
6 34 0 -5.800583507088966
6 35 0 -6.0004774293340075
6 36 0 -6.200390655503827
6 37 0 -6.400319694208052
6 38 0 -6.600261706924167
6 39 0 -6.800214405305113
7 0 0 -1.0347298398179832
7 1 0 -0.8651480922063439
7 2 0 -0.6974939708503723
7 3 0 -0.5315508021390376
7 4 0 -0.4000000000000001
7 5 0 -0.4000000000000001
7 6 0 -0.5315508021390376
7 7 0 -0.6974939708503725
7 8 0 -0.8651480922063439
7 9 0 -1.0347298398179832
7 10 0 -1.2066075439276598
7 11 0 -1.380951873325785
7 12 0 -1.5577955360360747
7 13 0 -1.7370778049235884
7 14 0 -1.9186774128590782
7 15 0 -2.102436574770966
7 16 0 -2.2881782757278177
7 17 0 -2.47571847965008
7 18 0 -2.6648745341881215
7 19 0 -2.855470751385054
7 20 0 -3.0473419132644883
7 21 0 -3.2403352724312384
7 22 0 -3.434311479065817
7 23 0 -3.629144758579411
7 24 0 -3.824722581772035
7 25 0 -4.020945006165338
7 26 0 -4.217723818987006
7 27 0 -4.414981575708143
7 28 0 -4.612650600446845
7 29 0 -4.810671993892004
7 30 0 -5.0089946790648625
7 31 0 -5.2075745039718235
7 32 0 -5.406373412042024
7 33 0 -5.6053586854399535
7 34 0 -5.804502262327622
7 35 0 -6.003780126495204
7 36 0 -6.203171766175414
7 37 0 -6.402659698099567
7 38 0 -6.602229052831773
7 39 0 -6.801867218116189
8 0 0 -1.1986038592265937
8 1 0 -1.0316405021631336
8 2 0 -0.865148092206344
8 3 0 -0.7076324744773946
8 4 0 -0.6000000000000001
8 5 0 -0.6000000000000001
8 6 0 -0.7076324744773945
8 7 0 -0.8651480922063441
8 8 0 -1.0316405021631336
8 9 0 -1.1986038592265937
8 10 0 -1.3662520106168174
8 11 0 -1.5348934102549823
8 12 0 -1.7047989183324277
8 13 0 -1.876187600541047
8 14 0 -2.049222147513827
8 15 0 -2.2240103013867714
8 16 0 -2.400609778452703
8 17 0 -2.5790349783138393
8 18 0 -2.75926434715116
8 19 0 -2.941247673630329
8 20 0 -3.124912884302047
8 21 0 -3.310172104037654
8 22 0 -3.4969268807123726
8 23 0 -3.68507256036883
8 24 0 -3.8745018530611555
8 25 0 -4.065107660499403
8 26 0 -4.256785251787648
8 27 0 -4.449433878257635
8 28 0 -4.6429579164194426
8 29 0 -4.8372676220447985
8 30 0 -5.032279570213596
8 31 0 -5.227916847041687
8 32 0 -5.424109049591443
8 33 0 -5.620792141666072
8 34 0 -5.81790820511368
8 35 0 -6.015405119086255
8 36 0 -6.213236193493563
8 37 0 -6.4113597776972435
8 38 0 -6.609738861329543
8 39 0 -6.808340681034681
9 0 0 -1.3652181687644147
9 1 0 -1.198603859226594
9 2 0 -1.0347298398179832
9 3 0 -0.8880629336633229
9 4 0 -0.8
9 5 0 -0.8
9 6 0 -0.8880629336633228
9 7 0 -1.0347298398179836
9 8 0 -1.1986038592265937
9 9 0 -1.365218168764415
9 10 0 -1.5319835807930136
9 11 0 -1.6989997861826298
9 12 0 -1.8664264003846438
9 13 0 -2.034438556575934
9 14 0 -2.203214250658026
9 15 0 -2.37292370043844
9 16 0 -2.543721216707767
9 17 0 -2.7157396097396767
9 18 0 -2.889086892102008
9 19 0 -3.063844913609052
9 20 0 -3.240069525492169
9 21 0 -3.41779188343357
9 22 0 -3.597020539604755
9 23 0 -3.7777440270476808
9 24 0 -3.9599336960782416
9 25 0 -4.143546616206317
9 26 0 -4.328528405287095
9 27 0 -4.5148158888790775
9 28 0 -4.702339526791096
9 29 0 -4.891025570898985
9 30 0 -5.080797939194792
9 31 0 -5.271579806546383
9 32 0 -5.463294923677191
9 33 0 -5.65586868327193
9 34 0 -5.849228956646111
9 35 0 -6.043306726765283
9 36 0 -6.238036544151643
9 37 0 -6.433356831875626
9 38 0 -6.62921006483619
9 39 0 -6.8255428472789035
10 0 0 -1.5319835807930133
10 1 0 -1.366252010616817
10 2 0 -1.2066075439276598
10 3 0 -1.0720514911790824
10 4 0 -1.0000000000000002
10 5 0 -1.0000000000000002
10 6 0 -1.0720514911790824
10 7 0 -1.2066075439276602
10 8 0 -1.3662520106168174
10 9 0 -1.5319835807930136
10 10 0 -1.6986328218075748
10 11 0 -1.8653344330221655
10 12 0 -2.032130553069706
10 13 0 -2.1990945395079944
10 14 0 -2.366318514800538
10 15 0 -2.533909507663755
10 16 0 -2.701984589647273
10 17 0 -2.8706656484793553
10 18 0 -3.040074303468717
10 19 0 -3.2839636851754115
10 20 0 -4.080766757110364
10 21 0 -4.453723930318614
10 22 0 -4.658609151835939
10 23 0 -4.84139326680645
10 24 0 -5.023503687141981
10 25 0 -5.206850629917048
10 26 0 -5.39155935397613
10 27 0 -5.577584614478134
10 28 0 -5.764859658609653
10 29 0 -5.788256910753234
10 30 0 -5.280797939433547
10 31 0 -5.43666370421751
10 32 0 -5.605895279682166
10 33 0 -5.779292830947701
10 34 0 -5.956248468274955
10 35 0 -6.136251996681558
10 36 0 -6.31887376123982
10 37 0 -6.50375068130905
10 38 0 -6.690574869357354
10 39 0 -6.879084344829895
11 0 0 -1.6989997861826296
11 1 0 -1.5348934102549818
11 2 0 -1.3809518733257853
11 3 0 -1.258951220055613
11 4 0 -1.2000000000000002
11 5 0 -1.2000000000000006
11 6 0 -1.2589512200556134
11 7 0 -1.3809518733257855
11 8 0 -1.5348934102549823
11 9 0 -1.6989997861826298
11 10 0 -1.8653344330221655
11 11 0 -2.0319949330039044
11 12 0 -2.1986744893751835
11 13 0 -2.365390499723123
11 14 0 -2.532175231983331
11 15 0 -2.699073191846752
11 16 0 -2.866141165811982
11 17 0 -3.0334473391304067
11 18 0 -3.2010696367383407
11 19 0 -3.465787701753566
11 20 0 -4.586983614369812
11 21 0 -6.323751431304359
11 22 0 -6.700450702558841
11 23 0 -6.902872659605039
11 24 0 -7.086890828245194
11 25 0 -7.2701863804239295
11 26 0 -7.454642836017242
11 27 0 -7.640405792769958
11 28 0 -7.724034451444981
11 29 0 -6.482385121041414
11 30 0 -5.480797940054321
11 31 0 -5.608324475083158
11 32 0 -5.772549610193415
11 33 0 -5.939830421054019
11 34 0 -6.108546831168331
11 35 0 -6.279038367778235
11 36 0 -6.451497386629006
11 37 0 -6.626009205848229
11 38 0 -6.802582639646172
11 39 0 -6.981173103645192
12 0 0 -1.8664264003846438
12 1 0 -1.7047989183324275
12 2 0 -1.5577955360360747
12 3 0 -1.4482328164091383
12 4 0 -1.4000000000000004
12 5 0 -1.4000000000000008
12 6 0 -1.448232816409139
12 7 0 -1.5577955360360751
12 8 0 -1.7047989183324277
12 9 0 -1.8664264003846438
12 10 0 -2.032130553069706
12 11 0 -2.1986744893751835
12 12 0 -2.3653388813880953
12 13 0 -2.5320104474173792
12 14 0 -2.698696341678443
12 15 0 -2.8654104999032795
12 16 0 -3.032173532435296
12 17 0 -3.199013663350916
12 18 0 -3.36596726782064
12 19 0 -3.632778431716161
12 20 0 -4.795252472869914
12 21 0 -6.824364300136725
12 22 0 -8.67747018677024
12 23 0 -9.045797711434581
12 24 0 -9.248244347751232
12 25 0 -9.433346599987274
12 26 0 -9.617756227699811
12 27 0 -9.745374890834944
12 28 0 -8.711437174461878
12 29 0 -6.735487689860894
12 30 0 -5.680797941607956
12 31 0 -5.785137834045065
12 32 0 -5.940582620931361
12 33 0 -6.106509643100585
12 34 0 -6.273360376072675
12 35 0 -6.440711705129186
12 36 0 -6.608812855156531
12 37 0 -6.7778929842933255
12 38 0 -6.948148149562471
12 39 0 -7.119735520606399
13 0 0 -2.0344385565759335
13 1 0 -1.876187600541047
13 2 0 -1.7370778049235884
13 3 0 -1.639463213425659
13 4 0 -1.6000000000000005
13 5 0 -1.600000000000001
13 6 0 -1.6394632134256595
13 7 0 -1.7370778049235889
13 8 0 -1.8761876005410474
13 9 0 -2.034438556575934
13 10 0 -2.1990945395079944
13 11 0 -2.365390499723123
13 12 0 -2.5320104474173792
13 13 0 -2.698676249490643
13 14 0 -2.865344821319238
13 15 0 -3.0320191121322617
13 16 0 -3.1987050946844504
13 17 0 -3.3654120952678475
13 18 0 -3.5321536171438472
13 19 0 -3.7989207503483415
13 20 0 -4.965301605247445
13 21 0 -7.027939201839577
13 22 0 -9.159389754860651
13 23 0 -11.022639940414116
13 24 0 -11.391148798331539
13 25 0 -11.594501140551767
13 26 0 -11.75818160763374
13 27 0 -11.034816530417501
13 28 0 -8.99179655000915
13 29 0 -6.940315205913331
13 30 0 -5.880797945359356
13 31 0 -5.966166948058531
13 32 0 -6.110595311403085
13 33 0 -6.273614983369994
13 34 0 -6.440033471209668
13 35 0 -6.6067612386183505
13 36 0 -6.7736705666935135
13 37 0 -6.940885622056633
13 38 0 -7.108546660633161
13 39 0 -7.276800563608381
14 0 0 -2.203214250658025
14 1 0 -2.049222147513827
14 2 0 -1.9186774128590782
14 3 0 -1.832288083711903
14 4 0 -1.8000000000000007
14 5 0 -1.8000000000000012
14 6 0 -1.8322880837119038
14 7 0 -1.9186774128590791
14 8 0 -2.0492221475138273
14 9 0 -2.203214250658026
14 10 0 -2.366318514800538
14 11 0 -2.532175231983331
14 12 0 -2.698696341678443
14 13 0 -2.865344821319238
14 14 0 -3.0320111517808597
14 15 0 -3.198678572679934
14 16 0 -3.3653483055396545
14 17 0 -3.5320229036190343
14 18 0 -3.698706531362131
14 19 0 -3.96540301361385
14 20 0 -5.132077225283874
14 21 0 -7.1983578031496975
14 22 0 -9.361140835005266
14 23 0 -11.493845200940495
14 24 0 -13.36698402967419
14 25 0 -13.737149372107313
14 26 0 -13.356648406001494
14 27 0 -11.347792218595291
14 28 0 -9.199899939693598
14 29 0 -7.140754093177094
14 30 0 -6.08079795411625
14 31 0 -6.150645318709917
14 32 0 -6.2829245611333215
14 33 0 -6.441459536048692
14 34 0 -6.606852369380082
14 35 0 -6.77343068302809
14 36 0 -6.940118986554464
14 37 0 -7.10687532633999
14 38 0 -7.273755705879974
14 39 0 -7.440832071344472
15 0 0 -2.3729237004384394
15 1 0 -2.2240103013867722
15 2 0 -2.1024365747709663
15 3 0 -2.0264175230370123
15 4 0 -2.000000000000001
15 5 0 -2.0000000000000013
15 6 0 -2.026417523037013
15 7 0 -2.102436574770967
15 8 0 -2.2240103013867722
15 9 0 -2.37292370043844
15 10 0 -2.533909507663755
15 11 0 -2.699073191846752
15 12 0 -2.8654104999032795
15 13 0 -3.032019112132261
15 14 0 -3.198678572679934
15 15 0 -3.3653451062467745
15 16 0 -3.532012075858255
15 17 0 -3.698679990171232
15 18 0 -3.865349940593047
15 19 0 -4.1320235463923805
15 20 0 -5.298699286948649
15 21 0 -7.365338964634921
15 22 0 -9.531595392717804
15 23 0 -11.694485870041923
15 24 0 -13.828291096464646
15 25 0 -15.675111224749326
15 26 0 -13.703600547968042
15 27 0 -11.559461777272347
15 28 0 -9.400709272756075
15 29 0 -7.340794040704936
15 30 0 -6.280797973913735
15 31 0 -6.337945813766156
15 32 0 -6.4577193069953385
15 33 0 -6.610343636537159
15 34 0 -6.77395227487795
15 35 0 -6.940152881018896
15 36 0 -7.106786905857916
15 37 0 -7.273461727932931
15 38 0 -7.440162798087391
15 39 0 -7.606914527687014
16 0 0 -2.5437212167077665
16 1 0 -2.400609778452704
16 2 0 -2.2881782757278186
16 3 0 -2.2216143370302834
16 4 0 -2.200000000000001
16 5 0 -2.200000000000002
16 6 0 -2.2216143370302843
16 7 0 -2.2881782757278186
16 8 0 -2.4006097784527034
16 9 0 -2.543721216707767
16 10 0 -2.701984589647273
16 11 0 -2.866141165811982
16 12 0 -3.0321735324352965
16 13 0 -3.19870509468445
16 14 0 -3.365348305539654
16 15 0 -3.532012075858255
16 16 0 -3.6986786890641503
16 17 0 -3.865345478873497
16 18 0 -4.032012658239025
16 19 0 -4.298680673740377
16 20 0 -5.465349899729098
16 21 0 -7.532017031743417
16 22 0 -9.698644331191687
16 23 0 -11.864898203965005
16 24 0 -14.02789643658641
16 25 0 -15.62816061982512
16 26 0 -13.914858243636825
16 27 0 -11.760662395945094
16 28 0 -9.600789695848151
16 29 0 -7.5407977761293985
16 30 0 -6.480798017333269
16 31 0 -6.527555330830584
16 32 0 -6.634997752318606
16 33 0 -6.78052821241425
16 34 0 -6.941494839008015
16 35 0 -7.106984051448139
16 36 0 -7.273474693363065
16 37 0 -7.440129213217883
16 38 0 -7.606799480584318
16 39 0 -7.773480334584567
17 0 0 -2.7157396097396767
17 1 0 -2.5790349783138393
17 2 0 -2.4757184796500806
17 3 0 -2.4176844575702328
17 4 0 -2.4000000000000012
17 5 0 -2.400000000000002
17 6 0 -2.4176844575702336
17 7 0 -2.475718479650081
17 8 0 -2.5790349783138393
17 9 0 -2.7157396097396775
17 10 0 -3.2388474666611735
17 11 0 -3.516918413510572
17 12 0 -3.6975110337491133
17 13 0 -3.8652754925767745
17 14 0 -4.032010485192572
17 15 0 -4.198678861223371
17 16 0 -4.365345376241873
17 17 0 -4.532012125015557
17 18 0 -4.698679229822547
17 19 0 -5.110801631976464
17 20 0 -6.978295023753765
17 21 0 -9.61836564957506
17 22 0 -11.948925605652475
17 23 0 -14.130150342981088
17 24 0 -15.932695061091307
17 25 0 -13.630902117139769
17 26 0 -13.29981463092048
17 27 0 -11.916815713511053
17 28 0 -9.80079811768678
17 29 0 -7.7407983310337
17 30 0 -6.6807981098497375
17 31 0 -6.719054070398814
17 32 0 -6.814689988286152
17 33 0 -6.952222056522647
17 34 0 -7.1096550331924036
17 35 0 -7.274000807588774
17 36 0 -7.44020557231813
17 37 0 -7.606804547839948
17 38 0 -7.773467283199228
17 39 0 -7.940136631110534
18 0 0 -2.8890868921020094
18 1 0 -2.7592643471511606
18 2 0 -2.6648745341881215
18 3 0 -2.6144691016483734
18 4 0 -2.6000000000000014
18 5 0 -2.6000000000000023
18 6 0 -2.614469101648374
18 7 0 -2.6648745341881224
18 8 0 -2.75926434715116
18 9 0 -2.88908689210201
18 10 0 -3.8642153732108118
18 11 0 -5.055029869224284
18 12 0 -5.3499588714979
18 13 0 -5.530449939858009
18 14 0 -5.698529072651667
18 15 0 -5.865331755350529
18 16 0 -6.032010818432205
18 17 0 -6.198678665438361
18 18 0 -6.365345805352131
18 19 0 -6.89647633845426
18 20 0 -9.559762154717149
18 21 0 -12.718486184071555
18 22 0 -15.170652934980806
18 23 0 -17.390084693453318
18 24 0 -14.127951188006477
18 25 0 -11.484717067749296
18 26 0 -11.267492821172324
18 27 0 -10.969338086113591
18 28 0 -9.9082350040033
18 29 0 -7.940798816217376
18 30 0 -6.880798301626523
18 31 0 -6.912098582572789
18 32 0 -6.996669443261629
18 33 0 -7.125578150093917
18 34 0 -7.2786089199093436
18 35 0 -7.441297767236476
18 36 0 -7.607014143041009
18 37 0 -7.773497425101643
18 38 0 -7.940138645466191
18 39 0 -8.106805755973904
19 0 0 -3.0638449136090555
19 1 0 -2.941247673630331
19 2 0 -2.855470751385055
19 3 0 -2.8118383558941242
19 4 0 -2.8000000000000025
19 5 0 -2.800000000000003
19 6 0 -2.8118383558941256
19 7 0 -2.855470751385055
19 8 0 -2.94124767363033
19 9 0 -3.063844913609053
19 10 0 -4.120718771617663
19 11 0 -6.091428562454005
19 12 0 -7.390553479559951
19 13 0 -7.683141982707292
19 14 0 -7.8636685069482954
19 15 0 -8.031834852523406
19 16 0 -8.198660361251932
19 17 0 -8.365343560786014
19 18 0 -8.532012224948037
19 19 0 -9.152331370587165
19 20 0 -11.811565529872563
19 21 0 -15.26112164617502
19 22 0 -16.43870217049334
19 23 0 -14.207200992865351
19 24 0 -11.80785202066075
19 25 0 -9.426691283763551
19 26 0 -9.218671368006412
19 27 0 -9.002564004712564
19 28 0 -8.730416195462686
19 29 0 -7.982922241892107
19 30 0 -7.080798688838097
19 31 0 -7.106407905333407
19 32 0 -7.180775817558509
19 33 0 -7.3006956024808005
19 34 0 -7.4485234930770154
19 35 0 -7.608983566465673
19 36 0 -7.7739472429433345
19 37 0 -7.940223254184755
19 38 0 -8.106817836067329
19 39 0 -8.273477407810013
20 0 0 -3.2400695254921796
20 1 0 -3.1249128843020526
20 2 0 -3.047341913264491
20 3 0 -3.009685927549742
20 4 0 -3.0000000000000053
20 5 0 -3.0000000000000053
20 6 0 -3.009685927549741
20 7 0 -3.0473419132644883
20 8 0 -3.1249128843020477
20 9 0 -3.24006952549217
20 10 0 -4.304108128605115
20 11 0 -6.359010953774341
20 12 0 -8.428461875089383
20 13 0 -9.724299381728697
20 14 0 -10.016405266088437
20 15 0 -10.196962495068487
20 16 0 -10.365158236261355
20 17 0 -10.531991876783845
20 18 0 -10.698676860197633
20 19 0 -11.310151947324812
20 20 0 -13.241387675151591
20 21 0 -15.44138767523566
20 22 0 -13.779561534016477
20 23 0 -11.576198253385915
20 24 0 -9.472587039587332
20 25 0 -8.36787729384493
20 26 0 -8.1611487408848
20 27 0 -7.951209754950103
20 28 0 -7.7363690282758135
20 29 0 -7.514136574022809
20 30 0 -7.280799451201311
20 31 0 -7.30175223901127
20 32 0 -7.366831566901612
20 33 0 -7.477624828635264
20 34 0 -7.619549019035143
20 35 0 -7.777175985147454
20 36 0 -7.941063853187433
20 37 0 -8.107004373788698
20 38 0 -8.273511941671076
20 39 0 -8.440153917808956
21 0 0 -3.4177918834336043
21 1 0 -3.310172104037673
21 2 0 -3.240335272431249
21 3 0 -3.2079248498134376
21 4 0 -3.2000000000000144
21 5 0 -3.2000000000000126
21 6 0 -3.2079248498134314
21 7 0 -3.2403352724312366
21 8 0 -3.3101721040376537
21 9 0 -3.41779188343357
21 10 0 -4.482209509545409
21 11 0 -6.5457276971171225
21 12 0 -8.699911100265311
21 13 0 -10.768360105382488
21 14 0 -12.058209716537442
21 15 0 -12.349752494386815
21 16 0 -12.530285374167239
21 17 0 -12.698488227414028
21 18 0 -12.865324713283774
21 19 0 -13.395942645426354
21 20 0 -15.079871242697719
21 21 0 -15.938625865730199
21 22 0 -13.786997315984877
21 23 0 -11.587732969852464
21 24 0 -9.490071431423416
21 25 0 -8.394185991152593
21 26 0 -8.200645827310602
21 27 0 -8.01046768899281
21 28 0 -7.825259144430529
21 29 0 -7.647471606963666
21 30 0 -7.480800916347721
21 31 0 -7.497943706823884
21 32 0 -7.554653533494582
21 33 0 -7.656374352723308
21 34 0 -7.791813869606305
21 35 0 -7.945996803303077
21 36 0 -8.108434124041498
21 37 0 -8.273870964145864
21 38 0 -8.440231770775746
21 39 0 -8.606839157791272
22 0 0 -3.597020539604867
22 1 0 -3.496926880712438
22 2 0 -3.4343114790658547
22 3 0 -3.406483968029218
22 4 0 -3.4000000000000448
22 5 0 -3.4000000000000368
22 6 0 -3.406483968029192
22 7 0 -3.4343114790658094
22 8 0 -3.496926880712368
22 9 0 -3.5970205396047525
22 10 0 -4.661198749947458
22 11 0 -6.725338723290033
22 12 0 -8.888517027908591
22 13 0 -11.042265859711753
22 14 0 -13.109723869030502
22 15 0 -14.392336912279625
22 16 0 -14.68315070674879
22 17 0 -14.863620920707692
22 18 0 -15.031821051633052
22 19 0 -15.496420870392297
22 20 0 -16.964654972835028
22 21 0 -16.039128622619153
22 22 0 -13.85358016018446
22 23 0 -11.666980847385366
22 24 0 -9.583667632379822
22 25 0 -8.503681163980875
22 26 0 -8.327136285436701
22 27 0 -8.154077918476522
22 28 0 -7.984312082745856
22 29 0 -7.817172594355887
22 30 0 -7.680803667473905
22 31 0 -7.694828839641304
22 32 0 -7.744060962411569
22 33 0 -7.836918179923025
22 34 0 -7.965421599863855
22 35 0 -8.115566873484648
22 36 0 -8.27613768005602
22 37 0 -8.440861573189173
22 38 0 -8.606992753631069
22 39 0 -8.77353916028639
23 0 0 -3.7777440270480307
23 1 0 -3.6850725603690426
23 2 0 -3.6291447585795353
23 3 0 -3.6053050647513167
23 4 0 -3.600000000000147
23 5 0 -3.6000000000001178
23 6 0 -3.6053050647512275
23 7 0 -3.629144758579382
23 8 0 -3.685072560368811
23 9 0 -3.7777440270476683
23 10 0 -4.841628684816561
23 11 0 -6.905563239689885
23 12 0 -9.06944771894661
23 13 0 -11.232346578013766
23 14 0 -13.385737175535635
23 15 0 -15.452154123744362
23 16 0 -16.726622490626752
23 17 0 -17.01657831672962
23 18 0 -17.196962609336225
23 19 0 -17.60877922687187
23 20 0 -18.22163696534091
23 21 0 -16.154437809582962
23 22 0 -13.97553141976763
23 23 0 -11.799564351279887
23 24 0 -9.726340772075098
23 25 0 -8.655392307434141
23 26 0 -8.486282399843024
23 27 0 -8.318547069455326
23 28 0 -8.151684272343129
23 29 0 -7.992385844412217
23 30 0 -7.880808718925158
23 31 0 -7.892282498403901
23 32 0 -7.934880861906242
23 33 0 -8.019203074555202
23 34 0 -8.140449915270198
23 35 0 -8.28600175423765
23 36 0 -8.44426141490888
23 37 0 -8.608023224144532
23 38 0 -8.773815776458239
23 39 0 -8.94026283604203
24 0 0 -3.9599336960793026
24 1 0 -3.8745018530618207
24 2 0 -3.8247225817724226
24 3 0 -3.8043405075242456
24 4 0 -3.8000000000004737
24 5 0 -3.80000000000038
24 6 0 -3.8043405075239587
24 7 0 -3.8247225817719306
24 8 0 -3.874501853061086
24 9 0 -3.9599336960781963
24 10 0 -5.023525088779168
24 11 0 -7.087174338502312
24 12 0 -9.250870909561066
24 13 0 -11.414512043912875
24 14 0 -13.577153831712138
24 15 0 -15.730206889530354
24 16 0 -17.795512601858746
24 17 0 -19.061030903964685
24 18 0 -19.350024791437583
24 19 0 -19.72963640406516
24 20 0 -18.467640388231942
24 21 0 -16.30108512697018
24 22 0 -14.12763301669603
24 23 0 -11.956712555998255
24 24 0 -9.887547918972036
24 25 0 -8.819555405153718
24 26 0 -8.652299618963383
24 27 0 -8.485453751440705
24 28 0 -8.320899417593635
24 29 0 -8.17211138517092
24 30 0 -8.080817795501531
24 31 0 -8.090203013135968
24 32 0 -8.126951452625455
24 33 0 -8.203155363738485
24 34 0 -8.31695114759766
24 35 0 -8.457408124218775
24 36 0 -8.612897002547847
24 37 0 -8.775411120791626
24 38 0 -8.940727901298413
24 39 0 -9.107022771672433
25 0 0 -4.143546616209427
25 1 0 -4.065107660501395
25 2 0 -4.02094500616649
25 3 0 -4.003551324339367
25 4 0 -4.000000000001474
25 5 0 -4.0000000000011875
25 6 0 -4.00355132433849
25 7 0 -4.020945006164985
25 8 0 -4.065107660499166
25 9 0 -4.1435466162061605
25 10 0 -5.206852575520108
25 11 0 -7.27021569154371
25 12 0 -9.433635133817862
25 13 0 -11.597099923447196
25 14 0 -13.760505926075131
25 15 0 -15.922901277843868
25 16 0 -18.075620999338323
25 17 0 -20.13973931830214
25 18 0 -21.395544849762167
25 19 0 -20.732016520985702
25 20 0 -18.637416637041273
25 21 0 -16.463143018325795
25 22 0 -14.291406580061315
25 23 0 -12.121856074702087
25 24 0 -10.053630711887287
25 25 0 -8.986174803204
25 26 0 -8.819139012387508
25 27 0 -8.653004618399486
25 28 0 -8.492372106917436
25 29 0 -8.35553252799476
25 30 0 -8.280833765509392
25 31 0 -8.288508375883648
25 32 0 -8.320124289559974
25 33 0 -8.388687083817453
25 34 0 -8.494953883903861
25 35 0 -8.629881095546033
25 36 0 -8.782138345826478
25 37 0 -8.94308800890217
25 38 0 -9.107762942803797
25 39 0 -9.273836090755513
26 0 0 -4.3285284052958986
26 1 0 -4.256785251793369
26 2 0 -4.2177238189902795
26 3 0 -4.202905629008893
26 4 0 -4.200000000004415
26 5 0 -4.200000000003572
26 6 0 -4.2029056290063265
26 7 0 -4.217723818985878
26 8 0 -4.256785251786884
26 9 0 -4.328528405286589
26 10 0 -5.39155953084812
26 11 0 -7.454645822249777
26 12 0 -9.61778756597417
26 13 0 -11.780983922841118
26 14 0 -13.94422374141269
26 15 0 -16.10740189795726
26 16 0 -18.26955812368807
26 17 0 -20.174145108284055
26 18 0 -20.55499361454057
26 19 0 -20.640947044446563
26 20 0 -18.806787532993496
26 21 0 -16.630949252579597
26 22 0 -14.458857077319006
26 23 0 -12.28910151191402
26 24 0 -10.220728444570964
26 25 0 -9.153147049106895
26 26 0 -8.986245181784248
26 27 0 -8.821519673741307
26 28 0 -8.66630854530235
26 29 0 -8.541983403578868
26 30 0 -8.480861294297728
26 31 0 -8.487133377805554
26 32 0 -8.514265521289422
26 33 0 -8.575701425843633
26 34 0 -8.674465446189007
26 35 0 -8.803502471582629
26 36 0 -8.952079165373377
26 37 0 -9.111123286284297
26 38 0 -9.274961897774563
26 39 0 -9.440725367203814
27 0 0 -4.514815888903144
27 1 0 -4.4494338782734175
27 2 0 -4.4149815757170545
27 3 0 -4.4023773328366245
27 4 0 -4.400000000012719
27 5 0 -4.400000000010344
27 6 0 -4.402377332829402
27 7 0 -4.414981575704685
27 8 0 -4.449433878255272
27 9 0 -4.5148158888775
27 10 0 -5.577584630554323
27 11 0 -7.6404060934747555
27 12 0 -9.803280748161232
27 13 0 -11.966208929347587
27 14 0 -14.129189820862457
27 15 0 -16.268361556975595
27 16 0 -17.853509379032182
27 17 0 -18.198994659388255
27 18 0 -18.414331218764506
27 19 0 -18.6160948823536
27 20 0 -18.675786625535125
27 21 0 -16.80099191934123
27 22 0 -14.627604785577713
27 23 0 -12.45704357160097
27 24 0 -10.388178102093438
27 25 0 -9.320304601634229
27 26 0 -9.153789192610299
27 27 0 -8.991288274211435
27 28 0 -8.842770357630572
27 29 0 -8.730922823106969
27 30 0 -8.680907801962062
27 31 0 -8.686027628197369
27 32 0 -8.709256664579332
27 33 0 -8.76409753385329
27 34 0 -8.855474987114434
27 35 0 -8.978339947860285
27 36 0 -9.122810907703226
27 37 0 -9.279591979671888
27 38 0 -9.442373250212544
27 39 0 -9.607719590078815
28 0 0 -4.702339526854669
28 1 0 -4.642957916461357
28 2 0 -4.61265060047014
28 3 0 -4.601945090533035
28 4 0 -4.600000000035281
28 5 0 -4.600000000028841
28 6 0 -4.601945090513466
28 7 0 -4.612650600436673
28 8 0 -4.642957916412444
28 9 0 -4.70233952678638
28 10 0 -5.7648596600621325
28 11 0 -7.827429787721839
28 12 0 -9.990050448348493
28 13 0 -12.152722155820094
28 14 0 -14.257346153018725
28 15 0 -15.53189738342467
28 16 0 -15.843100279326364
28 17 0 -16.054612612136022
28 18 0 -16.2558474667322
28 19 0 -16.45605549425043
28 20 0 -16.656211456539392
28 21 0 -16.708666422891007
28 22 0 -14.797242927582861
28 23 0 -12.625549769494667
28 24 0 -10.556009026141087
28 25 0 -9.48775010475784
28 26 0 -9.321965417957168
28 27 0 -9.162554073902824
28 28 0 -9.021722885412585
28 29 0 -8.921913466588967
28 30 0 -8.880984820890877
28 31 0 -8.885154433148582
28 32 0 -8.904995209883126
28 33 0 -8.953774777538918
28 34 0 -9.037957040050506
28 35 0 -9.154447232303445
28 36 0 -9.294421128503656
28 37 0 -9.448573725833391
28 38 0 -9.610053202626187
28 39 0 -9.77485519382449
29 0 0 -4.891025571061421
29 1 0 -4.837267622152132
29 2 0 -4.810671993950597
29 3 0 -4.801591437788398
29 4 0 -4.800000000094414
29 5 0 -4.800000000077569
29 6 0 -4.8015914377372475
29 7 0 -4.810671993863243
29 8 0 -4.8372676220248625
29 9 0 -4.891025570885443
29 10 0 -5.953311756842522
29 11 0 -8.015645023659486
29 12 0 -10.17802595006648
29 13 0 -12.246721045160154
29 14 0 -13.20958110209921
29 15 0 -13.487092416938598
29 16 0 -13.694988418766645
29 17 0 -13.895806485673177
29 18 0 -14.095912920367486
29 19 0 -14.295963536597757
29 20 0 -14.496036319776277
29 21 0 -14.696156500806236
29 22 0 -14.718003512570968
29 23 0 -12.783264755837056
29 24 0 -10.724366791332702
29 25 0 -9.655615065423804
29 26 0 -9.49098049085554
29 27 0 -9.335510878291412
29 28 0 -9.203071787980145
29 29 0 -9.114605598742525
29 30 0 -9.081109845910994
29 31 0 -9.084490537821626
29 32 0 -9.10139532511138
29 33 0 -9.144636666185859
29 34 0 -9.22187543324807
29 35 0 -9.33186505812183
29 36 0 -9.466992488632254
29 37 0 -9.618151908741336
29 38 0 -9.778065912366504
29 39 0 -9.942177186648156
30 0 0 -5.08079793959663
30 1 0 -5.032279570479076
30 2 0 -5.008994679206857
30 3 0 -5.001302085664831
30 4 0 -5.0000000002441825
30 5 0 -5.000000000201602
30 6 0 -5.001302085535617
30 7 0 -5.0089946789864825
30 8 0 -5.0322795701588845
30 9 0 -5.080797939157341
30 10 0 -6.1428653437520895
30 11 0 -8.204976806949592
30 12 0 -10.227731394472498
30 13 0 -10.883965162167746
30 14 0 -11.130519997965507
30 15 0 -11.335318090618353
30 16 0 -11.535818081662555
30 17 0 -11.735875835938245
30 18 0 -11.935892545466746
30 19 0 -12.135913336768112
30 20 0 -12.335948647090463
30 21 0 -12.536008796084811
30 22 0 -12.736109368244556
30 23 0 -12.474969718167024
30 24 0 -10.575767966602605
30 25 0 -9.528255318410004
30 26 0 -9.587543049781726
30 27 0 -9.510305675427164
30 28 0 -9.38669092239943
30 29 0 -9.30872464696295
30 30 0 -9.281308734678767
30 31 0 -9.284026737906743
30 32 0 -9.298388879586277
30 33 0 -9.33659459601651
30 34 0 -9.407187542842966
30 35 0 -9.510623074665201
30 36 0 -9.640602488762944
30 37 0 -9.788413116474139
30 38 0 -9.94648383944915
30 39 0 -10.109740431903376
31 0 0 -5.271579807509853
31 1 0 -5.227916847676874
31 2 0 -5.207574504303847
31 3 0 -5.2010653433113045
31 4 0 -5.200000000611353
31 5 0 -5.200000000507163
31 6 0 -5.201065342995321
31 7 0 -5.207574503765606
31 8 0 -5.227916846896754
31 9 0 -5.271579806446427
31 10 0 -6.320363940427685
31 11 0 -8.115553675617631
31 12 0 -8.544700017579697
31 13 0 -8.772353323302022
31 14 0 -8.975487767398436
31 15 0 -9.175829810247752
31 16 0 -9.37586742862495
31 17 0 -9.575873978342525
31 18 0 -9.775879571916779
31 19 0 -9.975889095368618
31 20 0 -10.175905989608918
31 21 0 -10.375935436185937
31 22 0 -10.575985730786117
31 23 0 -10.764339252910137
31 24 0 -10.24754511350637
31 25 0 -9.312331957144872
31 26 0 -9.401310488886143
31 27 0 -9.560728284386796
31 28 0 -9.572443786577814
31 29 0 -9.504062032827653
31 30 0 -9.481618620640246
31 31 0 -9.483769325673538
31 32 0 -9.495926954097243
31 33 0 -9.529571627531897
31 34 0 -9.593848912997363
31 35 0 -9.690742622647033
31 36 0 -9.815324064213634
31 37 0 -9.959447092345016
31 38 0 -10.115388339441488
31 39 0 -10.277611162236656
32 0 0 -5.463294925918594
32 1 0 -5.4241090510635805
32 2 0 -5.406373412791962
32 3 0 -5.400871645704224
32 4 0 -5.400000001484005
32 5 0 -5.400000001236842
32 6 0 -5.400871644955057
32 7 0 -5.406373411517336
32 8 0 -5.424109049220208
32 9 0 -5.4632949234192925
32 10 0 -6.066490154099499
32 11 0 -6.670470656942682
32 12 0 -6.911741643931592
32 13 0 -7.115493620737068
32 14 0 -7.315834854928645
32 15 0 -7.515866174975894
32 16 0 -7.715869620150884
32 17 0 -7.915871099947742
32 18 0 -8.115873455983209
32 19 0 -8.315877802704431
32 20 0 -8.515885714208718
32 21 0 -8.715899810845062
32 22 0 -8.915924407864143
32 23 0 -9.115966467675104
32 24 0 -9.263687903080998
32 25 0 -9.089582014440076
32 26 0 -9.223019716860904
32 27 0 -9.392932186548235
32 28 0 -9.568462379039701
32 29 0 -9.698338008751215
32 30 0 -9.682091101905474
32 31 0 -9.68374223390688
32 32 0 -9.693981924892022
32 33 0 -9.723506471763708
32 34 0 -9.781818310161626
32 35 0 -9.872240425009743
32 36 0 -9.991227163245577
32 37 0 -10.131347365528754
32 38 0 -10.284870661434212
32 39 0 -10.44586883330685
33 0 0 -5.655868688336817
33 1 0 -5.62079214497537
33 2 0 -5.6053586870777625
33 3 0 -5.600713167385848
33 4 0 -5.600000003497541
33 5 0 -5.600000002928287
33 6 0 -5.600713165661336
33 7 0 -5.605358684146916
33 8 0 -5.620792140745204
33 9 0 -5.655868682627648
33 10 0 -5.855868684873396
33 11 0 -6.055868690238619
33 12 0 -6.255868702634429
33 13 0 -6.455868730380844
33 14 0 -6.655868790649181
33 15 0 -6.855868917870065
33 16 0 -7.055869179200673
33 17 0 -7.255869702206672
33 18 0 -7.455870723103519
33 19 0 -7.655872668681475
33 20 0 -7.855876291981084
33 21 0 -8.055882891559246
33 22 0 -8.255894657522159
33 23 0 -8.455915205137682
33 24 0 -8.655950379423448
33 25 0 -8.856009442023645
33 26 0 -9.05610678470542
33 27 0 -9.256264350334087
33 28 0 -9.456514977750123
33 29 0 -9.65690691155018
33 30 0 -9.845246869604793
33 31 0 -9.880564078316649
33 32 0 -9.89223744292433
33 33 0 -9.918329277531708
33 34 0 -9.971060694098199
33 35 0 -10.055133010973657
33 36 0 -10.168381416523331
33 37 0 -10.304212755450777
33 38 0 -10.455033536427267
33 39 0 -10.61460845231277
34 0 0 -5.8492289677749145
34 1 0 -5.817908212337737
34 2 0 -5.804502265788748
34 3 0 -5.800583506695784
34 4 0 -5.8000000080139
34 5 0 -5.800000006739351
34 6 0 -5.8005835028366
34 7 0 -5.804502259236778
34 8 0 -5.817908202898337
34 9 0 -5.849228955085401
34 10 0 -6.013321162389582
34 11 0 -6.184693446094282
34 12 0 -6.36127077654943
34 13 0 -6.542106789382938
34 14 0 -6.726427194479918
34 15 0 -6.913598497459459
34 16 0 -7.103102414848497
34 17 0 -7.294514952860675
34 18 0 -7.487489310351645
34 19 0 -7.681741924355803
34 20 0 -7.877041108347127
34 21 0 -8.073197844714855
34 22 0 -8.270058388764717
34 23 0 -8.467498425987513
34 24 0 -8.66541860085722
34 25 0 -8.863741306827542
34 26 0 -9.06240869543949
34 27 0 -9.261381928184434
34 28 0 -9.460641756343785
34 29 0 -9.660190565713076
34 30 0 -9.85893775460788
34 31 0 -10.042056365271492
34 32 0 -10.087204982522078
34 33 0 -10.113650810503735
34 34 0 -10.161519830836777
34 35 0 -10.239438922197136
34 36 0 -10.346859719280612
34 37 0 -10.478149924506239
34 38 0 -10.625993562375978
34 39 0 -10.783943545174486
35 0 0 -6.043306750566444
35 1 0 -6.0154051344169455
35 2 0 -6.003780133576795
35 3 0 -6.000477427925305
35 4 0 -6.000000017873447
35 5 0 -6.000000015095888
35 6 0 -6.000477419519251
35 7 0 -6.003780119319308
35 8 0 -6.015405113910694
35 9 0 -6.043306723094384
35 10 0 -6.182947837154973
35 11 0 -6.349504115152017
35 12 0 -6.517409225428309
35 13 0 -6.687278271613128
35 14 0 -6.85945810267831
35 15 0 -7.03410453376619
35 16 0 -7.211240361110797
35 17 0 -7.390798607306464
35 18 0 -7.5726544583815
35 19 0 -7.75664858919666
35 20 0 -7.942603975475659
35 21 0 -8.130337825215125
35 22 0 -8.319669902471716
35 23 0 -8.510428241488068
35 24 0 -8.702453042225287
35 25 0 -8.8955993865439
35 26 0 -9.089739307016963
35 27 0 -9.284763668794483
35 28 0 -9.480584280669452
35 29 0 -9.677136625079122
35 30 0 -9.874281470140225
35 31 0 -10.070470926835402
35 32 0 -10.251956235990843
35 33 0 -10.306391695135076
35 34 0 -10.352851321075761
35 35 0 -10.425154522310613
35 36 0 -10.526740109145944
35 37 0 -10.653276886729902
35 38 0 -10.797884583133396
35 39 0 -10.954009951108219
36 0 0 -6.2380365937469495
36 1 0 -6.2132362251540405
36 2 0 -6.203171780208206
36 3 0 -6.200390651314285
36 4 0 -6.200000038846175
36 5 0 -6.200000032948019
36 6 0 -6.200390633472196
36 7 0 -6.203171749974343
36 8 0 -6.213236181736864
36 9 0 -6.23803653575767
36 10 0 -6.357079447347619
36 11 0 -6.516869503659052
36 12 0 -6.6835217505827025
36 13 0 -6.850580355793082
36 14 0 -7.018360064492505
36 15 0 -7.187164104099555
36 16 0 -7.35725682712363
36 17 0 -7.528850539049712
36 18 0 -7.702101565080731
36 19 0 -7.877112070904909
36 20 0 -8.053935225476806
36 21 0 -8.232582076399037
36 22 0 -8.413029075818516
36 23 0 -8.595225603835466
36 24 0 -8.779101130523882
36 25 0 -8.964571869436401
36 26 0 -9.151546929341398
36 27 0 -9.33993408480416
36 28 0 -9.529645372484758
36 29 0 -9.720602786062805
36 30 0 -9.9127350532023
36 31 0 -10.105845281389916
36 32 0 -10.29839715775854
36 33 0 -10.477656307515826
36 34 0 -10.542781602277309
36 35 0 -10.612059813222125
36 36 0 -10.708088329071915
36 37 0 -10.829725546521942
36 38 0 -10.970862055430368
36 39 0 -11.124970633362626
37 0 0 -6.4333569326560305
37 1 0 -6.411359841384604
37 2 0 -6.40265972503195
37 3 0 -6.4003196829957965
37 4 0 -6.400000082361197
37 5 0 -6.400000070143985
37 6 0 -6.4003196460545375
37 7 0 -6.402659662489084
37 8 0 -6.411359751700131
37 9 0 -6.433356813194175
37 10 0 -6.5350098739480265
37 11 0 -6.685810476414083
37 12 0 -6.850397854136394
37 13 0 -7.017062174280978
37 14 0 -7.183863807182684
37 15 0 -7.350936507255286
37 16 0 -7.51844133494341
37 17 0 -7.686553441942073
37 18 0 -7.855449712992865
37 19 0 -8.02529847656845
37 20 0 -8.196251742998589
37 21 0 -8.36843998184804
37 22 0 -8.54196920931312
37 23 0 -8.716920050238617
37 24 0 -8.89334841928995
37 25 0 -9.071287498835002
37 26 0 -9.250750755291666
37 27 0 -9.43173581679393
37 28 0 -9.614229123669638
37 29 0 -9.798211352842902
37 30 0 -9.983662846632843
37 31 0 -10.170556625916696
37 32 0 -10.35873081515204
37 33 0 -10.5467740525596
37 34 0 -10.720371259031696
37 35 0 -10.79879244425392
37 36 0 -10.890841749390544
37 37 0 -11.007632739741663
37 38 0 -11.145107258458783
37 39 0 -11.297021567389475
38 0 0 -6.629210264722576
38 1 0 -6.60973898622334
38 2 0 -6.602229102879869
38 3 0 -6.600261679020626
38 4 0 -6.600000170513988
38 5 0 -6.6000001458049224
38 6 0 -6.600261604338721
38 7 0 -6.602228976546153
38 8 0 -6.609738805309563
38 9 0 -6.629210024325388
38 10 0 -6.716150559178978
38 11 0 -6.856677763510533
38 12 0 -7.017824550338302
38 13 0 -7.183798532910629
38 14 0 -7.350465083217147
38 15 0 -7.517181019598868
38 16 0 -7.6840013986559565
38 17 0 -7.851001891664998
38 18 0 -8.018276506051144
38 19 0 -8.185933677465341
38 20 0 -8.354091453825355
38 21 0 -8.522872407669858
38 22 0 -8.69239878254162
38 23 0 -8.862788242591947
38 24 0 -9.034150473886797
38 25 0 -9.206584791348009
38 26 0 -9.38017884032995
38 27 0 -9.555008445923065
38 28 0 -9.731138653299322
38 29 0 -9.908626014503167
38 30 0 -10.087522127146052
38 31 0 -10.267877252003068
38 32 0 -10.449732034412708
38 33 0 -10.632998357594856
38 34 0 -10.81620637764982
38 35 0 -10.976898181050448
38 36 0 -11.074082562358676
38 37 0 -11.187056464467751
38 38 0 -11.320823554401352
38 39 0 -11.470397930865186
39 0 0 -6.82554323455361
39 1 0 -6.808340919992267
39 2 0 -6.801867308096074
39 3 0 -6.8002143396287025
39 4 0 -6.800000345033684
39 5 0 -6.800000296194623
39 6 0 -6.8002141920734545
39 7 0 -6.80186705868559
39 8 0 -6.808340563280975
39 9 0 -6.8255427615975215
39 10 0 -6.900009878273911
39 11 0 -7.029660135946969
39 12 0 -7.186069159790817
39 13 0 -7.350734876982578
39 14 0 -7.517156755449998
39 15 0 -7.683824114583675
39 16 0 -7.850510260036209
39 17 0 -8.017237901101808
39 18 0 -8.184041174529733
39 19 0 -8.350966606715676
39 20 0 -8.518073134274704
39 21 0 -8.685431257642131
39 22 0 -8.85312149678205
39 23 0 -9.021232372607159
39 24 0 -9.189858160948496
39 25 0 -9.359096667881303
39 26 0 -9.529047265382523
39 27 0 -9.699809412623704
39 28 0 -9.871481876735794
39 29 0 -10.044162861631483
39 30 0 -10.21795124914906
39 31 0 -10.392949042733555
39 32 0 -10.569263911116582
39 33 0 -10.747000780185708
39 34 0 -10.92613183818337
39 35 0 -11.104496598515823
39 36 0 -11.252453813586477
39 37 0 -11.367508414245926
39 38 0 -11.498183511526937
39 39 0 -11.645375359761989
